adn  (57,446)  (23,479)  (23,445)  (90,480)  (57,412)  (91,412)  (91,446)  (21,411)  (56,513)  (22,513)  (124,480)  (124,514)  (90,514)  (55,378)  (89,378)  (123,378)  (125,412)  (125,446)  (0,377)  (56,547)  (22,547)  (158,480)  (158,514)  (158,548)  (124,548)  (90,548)  (58,344)  (159,385)  (159,419)  (35,581)  (1,581)  (192,453)  (192,487)  (192,521)  (192,555)  (226,479)  (226,513)  
aeg  (583,8)  (549,12)  (615,42)  (617,0)  (649,34)  (651,0)  (685,0)  
alh  (406,442)  (440,419)  (440,453)  (474,436)  
alt  (1015,708)  (981,737)  (1048,674)  (1049,708)  (977,771)  (1082,643)  (1116,622)  
ank  (618,360)  (640,326)  (652,360)  (674,320)  
ara  (511,386)  
arm  (725,519)  (759,521)  
bay  (257,887)  (223,902)  (223,868)  (257,853)  (291,853)  (291,887)  (203,834)  (189,902)  (189,868)  (325,845)  (325,879)  (359,845)  (359,879)  (393,883)  (427,895)  
bel  (1153,318)  (1153,352)  (1156,284)  
ben  (525,850)  (553,884)  
bla  (740,268)  (773,302)  (739,302)  (774,242)  (807,276)  (788,336)  (754,365)  (841,263)  (815,370)  (781,399)  (747,399)  
bng  (411,23)  (445,0)  (445,34)  
bom  (463,710)  (497,697)  (497,731)  (531,708)  
bul  (770,148)  (736,156)  (803,182)  (804,117)  
cai  (365,113)  (399,96)  (433,89)  
cas  (771,575)  (805,571)  (737,579)  (839,554)  (873,535)  (907,546)  
chi  (652,876)  (618,884)  (671,842)  (686,876)  (705,830)  (720,864)  (720,898)  (754,836)  (754,870)  
dec  (371,775)  (350,741)  (384,741)  (405,775)  (416,809)  (450,780)  (450,814)  
del  (574,776)  (608,760)  (608,794)  (642,791)  
egy  (228,93)  (261,127)  (198,59)  (232,59)  (262,93)  (296,85)  
est  (1218,429)  (1243,463)  (1249,497)  
eth  (12,102)  (38,136)  (46,69)  (5,68)  (39,35)  (0,34)  (34,1)  
geo  (754,465)  
ger  (1069,29)  (1035,34)  (1035,0)  (1103,0)  (1103,34)  (1001,34)  (1001,0)  (1137,0)  (1137,34)  (1171,0)  (1171,34)  (1205,0)  (1205,34)  (1239,0)  (1239,34)  
gre  (751,54)  (785,21)  (785,55)  
gul  (180,685)  (146,709)  (146,675)  (213,719)  (180,651)  (214,651)  (214,685)  (135,641)  (248,624)  (248,658)  (248,692)  (282,624)  (282,658)  (282,692)  (316,624)  (316,658)  (350,623)  (350,657)  (384,621)  (384,655)  (418,621)  (452,620)  
hor  (292,570)  (326,566)  (479,576)  (497,507)  (506,541)  (513,575)  
ind  (37,767)  (3,800)  (3,766)  (70,801)  (37,733)  (71,733)  (71,767)  (1,732)  (36,834)  (2,834)  (104,801)  (104,835)  (70,835)  (35,699)  (69,699)  (105,755)  (0,698)  (36,868)  (2,868)  (138,807)  (112,869)  (78,869)  (34,665)  (0,664)  (44,902)  (10,902)  (34,631)  (0,630)  
ira  (644,552)  (638,518)  
irq  (562,443)  
ist  (594,242)  (628,228)  (628,262)  
jor  (423,279)  (450,313)  (460,347)  
jud  (457,227)  
kas  (553,647)  (604,686)  
kaz  (935,634)  (901,662)  (901,628)  (948,668)  (969,617)  (1003,605)  (1002,565)  (1036,563)  
kry  (835,742)  (814,776)  (869,715)  (869,749)  (903,726)  (903,760)  
kur  (666,444)  
lat  (1239,353)  (1249,289)  
lib  (281,2)  (247,3)  (315,0)  (349,0)  
mec  (296,281)  (262,293)  
med  (544,124)  (577,158)  (578,120)  (520,90)  (611,154)  
mon  (1131,830)  (1097,836)  (1097,802)  (1164,864)  (1131,796)  (1165,796)  (1165,830)  (1078,768)  (1063,825)  (1198,864)  (1198,898)  (1112,762)  (1199,789)  (1199,823)  (1232,857)  (1232,891)  (1233,785)  (1233,819)  
mos  (1056,468)  (1089,502)  (1050,434)  (1084,434)  (1090,468)  (1118,414)  (1123,502)  (1123,536)  (1124,448)  (1157,493)  (1157,527)  
mys  (261,776)  (227,777)  (295,749)  (295,783)  
oma  (301,464)  (335,481)  (349,515)  
pak  (622,642)  
pek  (888,874)  (854,902)  (854,868)  (888,840)  (922,840)  (922,874)  (847,834)  (956,834)  (956,868)  (956,902)  (813,851)  (990,859)  (990,893)  (1024,874)  (1058,886)  
pol  (1169,154)  (1135,183)  (1135,149)  (1202,188)  (1169,120)  (1203,120)  (1203,154)  (1129,115)  (1236,188)  (1237,103)  (1237,137)  (1095,129)  
red  (160,233)  (126,259)  (194,222)  (92,267)  (228,206)  (262,206)  (296,204)  (330,202)  (364,191)  
rma  (922,141)  (888,174)  (888,140)  (955,175)  (922,107)  (956,107)  (956,141)  (886,106)  (914,208)  (880,208)  (989,175)  (990,87)  (990,121)  (1023,155)  (1024,87)  (1024,121)  
sau  (297,355)  (330,389)  (331,330)  (364,364)  (365,319)  
ser  (876,18)  (910,28)  
shi  (562,498)  (582,532)  
sib  (1171,692)  (1204,726)  (1170,726)  (1180,658)  (1205,692)  (1214,649)  (1238,726)  (1239,683)  (1192,615)  (1226,615)  (1248,649)  
som  (9,214)  (12,248)  (43,206)  (77,188)  
sud  (109,133)  (98,99)  (132,99)  (143,133)  (99,65)  (133,65)  (177,150)  (99,31)  (133,31)  
sue  (445,176)  
syr  (532,307)  
tib  (687,714)  (720,748)  (682,680)  (716,680)  (721,714)  (754,748)  
uae  (402,530)  
ukr  (984,308)  (950,341)  (950,307)  (1017,342)  (984,274)  (1018,274)  (1018,308)  (983,375)  (1051,342)  (1022,376)  (1052,245)  (1052,279)  (1086,224)  (1086,258)  (1086,292)  
uzb  (806,642)  (813,676)  (840,630)  
vol  (870,460)  (836,484)  (904,431)  (904,465)  (938,445)  (938,479)  (972,452)  (972,486)  
yem  (156,324)  (225,377)  
